   5.00000000000000000000000000000000000        -3.04321110292826088605799839115206851E-0002
   5.02857142857142857142857142857142848        -3.02746591083108487763020377769862534E-0002
   5.22857142857142857142857142857142864        -2.91408063531883101959785165036009857E-0002
   5.77142857142857142857142857142857136        -2.58572853368754483616154260516850627E-0002
   6.82857142857142857142857142857142833        -1.90901588843801171824221540873622871E-0002
   8.57142857142857142857142857142857121        -8.15174679670683036136757948497688631E-0003
   11.1714285714285714285714285714285709         6.21634200341439173420621244758876855E-0003
   14.7999999999999999999999999999999991         2.22584113247145838621054991790515487E-0002
   19.6285714285714285714285714285714266         3.82366969709731913118488932923355605E-0002
   25.8285714285714285714285714285714291         5.30181432255306603340549997938069282E-0002
   33.5714285714285714285714285714285697         6.60936511921484531884019020253617782E-0002
   43.0285714285714285714285714285714316         7.73712236557430738104201850546814967E-0002
   54.3714285714285714285714285714285672         8.69749887586483416690441572427516803E-0002
   67.7714285714285714285714285714285721         9.51141964863392169737821291164436843E-0002
   83.3999999999999999999999999999999926        0.102013171187828655117613152469857596      
   101.428571428571428571428571428571430        0.107879477382587518619061484059784561      
   122.028571428571428571428571428571425        0.112892588308358368665018645060627023      
   145.371428571428571428571428571428592        0.117202382823489340002431902121315943      
   171.628571428571428571428571428571433        0.120931774998875016247090741217107279      
   200.971428571428571428571428571428587        0.124180678725087978442331859696423635      
   233.571428571428571428571428571428582        0.127030043457861063771474618988577276      
   269.599999999999999999999999999999970        0.129545459835030019046797633563983254      
   309.228571428571428571428571428571453        0.131780191751430270086231644199870061      
   352.628571428571428571428571428571433        0.133777646817195949857648429315304384      
   399.971428571428571428571428571428538        0.135573355276896595489333208206517156      
   451.428571428571428571428571428571443        0.137196541301148861036196535678755026      
   507.171428571428571428571428571428528        0.138671365813921365628402782022021711      
   567.371428571428571428571428571428617        0.140017908781973760001804407693271060      
   632.199999999999999999999999999999941        0.141252946558866998572057127603329718      
   701.828571428571428571428571428571423        0.142390568623032370831893445028981660      
   776.428571428571428571428571428571443        0.143442668568872333523245288233738393      
   856.171428571428571428571428571428577        0.144419336545142829031362907699076459      
   941.228571428571428571428571428571403        0.145329174278998995983869235715246759      
   1031.77142857142857142857142857142850        0.146179549101362271645854207235970534      
   1127.97142857142857142857142857142873        0.146976799732337876092103101655084174      
   1230.00000000000000000000000000000000        0.147726403763300401239533243824553210      
   1338.02857142857142857142857142857146        0.148433114596409038155044868290133309      
   1452.22857142857142857142857142857150        0.149101073923507049245884559240948875      
   1572.77142857142857142857142857142870        0.149733904528649069964885143235733267      
   1699.82857142857142857142857142857142        0.150334787192732383109827765110821929      
   1833.57142857142857142857142857142866        0.150906524696717420086500283105124254      
   1974.17142857142857142857142857142877        0.151451595309797654165251401536806952      
   2121.79999999999999999999999999999976        0.151972197671003839136716351276845671      
   2276.62857142857142857142857142857138        0.152470288597013226006282593516516499      
   2438.82857142857142857142857142857162        0.152947615052306418181871094930102117      
   2608.57142857142857142857142857142846        0.153405741282712615447536563806352206      
   2786.02857142857142857142857142857146        0.153846071926273614272062673080654349      
   2971.37142857142857142857142857142862        0.154269871765831567689275516386260279      
   3164.77142857142857142857142857142830        0.154678282667811084483133754474692978      
   3366.39999999999999999999999999999968        0.155072338155043926155585154447180685      
   3576.42857142857142857142857142857154        0.155452975983392638337221569599932991      
   3795.02857142857142857142857142857146        0.155821049028524061252909405084210448      
   4022.37142857142857142857142857142822        0.156177334737559680988283616898115724      
   4258.62857142857142857142857142857138        0.156522543358110638456182073241507169      
   4503.97142857142857142857142857142893        0.156857325122573748599208443010866176      
   4758.57142857142857142857142857142846        0.157182276537056048182350309616595041      
   5022.59999999999999999999999999999953        0.157497945900747088332494172391307075      
   5296.22857142857142857142857142857091        0.157804838162038607585202498739818111      
   5579.62857142857142857142857142857138        0.158103419201474443278598869255802128      
   5872.97142857142857142857142857142814        0.158394119618079032285606899677077308      
   6176.42857142857142857142857142857154        0.158677338084301067233639059850247577      
   6490.17142857142857142857142857142877        0.158953444325311443741099992621457204      
   6814.37142857142857142857142857142862        0.159222781770416182967053941865742672      
   7149.20000000000000000000000000000063        0.159485669917597744360548972508695442      
   7494.82857142857142857142857142857123        0.159742406446509443984638210167759098      
   7851.42857142857142857142857142857075        0.159993269110405261779206398387032095      
   8219.17142857142857142857142857142799        0.160238517433384242139027264784090221      
   8598.22857142857142857142857142857170        0.160478394235819582513968839521112386      
   8988.77142857142857142857142857142988        0.160713127007851397376470004019211046      
   9390.97142857142857142857142857142893        0.160942929148258001559312901918019634      
   9805.00000000000000000000000000000000        0.161168001083816264662473827229405288      
   10231.0285714285714285714285714285726        0.161388531282367936325883306381001603      
   10669.2285714285714285714285714285717        0.161604697171180144987800986200454645      
   11119.7714285714285714285714285714299        0.161816665970764383963853560999268666      
   11582.8285714285714285714285714285720        0.162024595453109571119298948360665236      
   12058.5714285714285714285714285714292        0.162228634632213458699467878432187717      
   12547.1714285714285714285714285714296        0.162428924393876877863007734958955552      
   13048.8000000000000000000000000000009        0.162625598070926136173852682986762375      
   13563.6285714285714285714285714285714        0.162818781969316872526576389645924792      
   14091.8285714285714285714285714285720        0.163008595849971626989827200304716825      
   14633.5714285714285714285714285714292        0.163195153370654572055897801874380093      
   15189.0285714285714285714285714285711        0.163378562491723583471880942852294538      
   15758.3714285714285714285714285714302        0.163558925849179748190920236083911732      
   16341.7714285714285714285714285714283        0.163736341098071558342041953437728807      
   16939.3999999999999999999999999999981        0.163910901228988797884156269901723135      
   17551.4285714285714285714285714285692        0.164082694860095190669824205542681739      
   18178.0285714285714285714285714285711        0.164251806506900382975899788107199129      
   18819.3714285714285714285714285714302        0.164418316831744015793503876921022311      
   19475.6285714285714285714285714285730        0.164582302874768465761334823582728859      
   20146.9714285714285714285714285714289        0.164743838267985887036104486469412223      
