   5.00000000000000000000000000000000000         49.9514873536781465190870221704244614      
   5.02857142857142857142857142857142848         49.8701707886002836289662809576839209      
   5.22857142857142857142857142857142864         49.3291205315403828990383772179484367      
   5.77142857142857142857142857142857136         48.0740928704418166717005078680813313      
   6.82857142857142857142857142857142833         46.2790926948863159395841648802161217      
   8.57142857142857142857142857142857121         44.4342566514423396029087598435580730      
   11.1714285714285714285714285714285709         42.9721133769636622901089140214025974      
   14.7999999999999999999999999999999991         42.0736892277835821118969761300832033      
   19.6285714285714285714285714285714266         41.7254867129172382078650116454809904      
   25.8285714285714285714285714285714291         41.8330480303429013133609259966760874      
   33.5714285714285714285714285714285697         42.2902355186966332212250563316047192      
   43.0285714285714285714285714285714316         43.0056599232494818352279253304004669      
   54.3714285714285714285714285714285672         43.9079756184727258983002684544771910      
   67.7714285714285714285714285714285721         44.9437032588649572062422521412372589      
   83.3999999999999999999999999999999926         46.0733881480371607608503836672753096      
   101.428571428571428571428571428571430         47.2680481771429654713756463024765253      
   122.028571428571428571428571428571425         48.5063710074025991048074502032250166      
   145.371428571428571428571428571428592         49.7726315411887867412588093429803848      
   171.628571428571428571428571428571433         51.0551813278596355871741252485662699      
   200.971428571428571428571428571428587         52.3453612716683096550696063786745071      
   233.571428571428571428571428571428582         53.6367187422034561450345790944993496      
   269.599999999999999999999999999999970         54.9244413116738314784015528857707977      
   309.228571428571428571428571428571453         56.2049444526636037267053325194865465      
   352.628571428571428571428571428571433         57.4755690417777245215802395250648260      
   399.971428571428571428571428571428538         58.7343576536107789820562175009399652      
   451.428571428571428571428571428571443         59.9798878085798605752643197774887085      
   507.171428571428571428571428571428528         61.2111467197699852249570540152490139      
   567.371428571428571428571428571428617         62.4274365253103553641267353668808937      
   632.199999999999999999999999999999941         63.6283020973141972831399471033364534      
   701.828571428571428571428571428571423         64.8134757020031457841469091363251209      
   776.428571428571428571428571428571443         65.9828343326380775124562205746769905      
   856.171428571428571428571428571428577         67.1363666414004569560347590595483780      
   941.228571428571428571428571428571403         68.2741471912621022966050077229738235      
   1031.77142857142857142857142857142850         69.3963163255013597563447547145187855      
   1127.97142857142857142857142857142873         70.5030643740871454383523087017238140      
   1230.00000000000000000000000000000000         71.5946192267062997416360303759574890      
   1338.02857142857142857142857142857146         72.6712365326728360059860278852283955      
   1452.22857142857142857142857142857150         73.7331919601972884947826969437301159      
   1572.77142857142857142857142857142870         74.7807750770942476492564310319721699      
   1699.82857142857142857142857142857142         75.8142845131566076588569558225572109      
   1833.57142857142857142857142857142866         76.8340241392118343810579972341656685      
   1974.17142857142857142857142857142877         77.8403000552047501514607574790716171      
   2121.79999999999999999999999999999976         78.8334182238346414806073880754411221      
   2276.62857142857142857142857142857138         79.8136826205139300327573437243700027      
   2438.82857142857142857142857142857162         80.7813937970796160925601725466549397      
   2608.57142857142857142857142857142846         81.7368477775535495766234816983342171      
   2786.02857142857142857142857142857146         82.6803352206501216414835653267800808      
   2971.37142857142857142857142857142862         83.6121407966727048233224195428192616      
   3164.77142857142857142857142857142830         84.5325427367078248153120512142777443      
   3366.39999999999999999999999999999968         85.4418125201842144633701536804437637      
   3576.42857142857142857142857142857154         86.3402146733879334306038799695670605      
   3795.02857142857142857142857142857146         87.2280066567440002245348296128213406      
   4022.37142857142857142857142857142822         88.1054388228741629518481204286217690      
   4258.62857142857142857142857142857138         88.9727544308234143954905448481440544      
   4503.97142857142857142857142857142893         89.8301897045825228360627079382538795      
   4758.57142857142857142857142857142846         90.6779739262495212415160494856536388      
   5022.59999999999999999999999999999953         91.5163295559735985307270311750471592      
   5296.22857142857142857142857142857091         92.3454723722885972847507218830287457      
   5579.62857142857142857142857142857138         93.1656116276402599396533332765102386      
   5872.97142857142857142857142857142814         93.9769502148841127109335502609610558      
   6176.42857142857142857142857142857154         94.7796848413327666094119194895029068      
   6490.17142857142857142857142857142877         95.5740062075828120669029885903000832      
   6814.37142857142857142857142857142862         96.3600991888896771797590190544724464      
   7149.20000000000000000000000000000063         97.1381430172979065673644072376191616      
   7494.82857142857142857142857142857123         97.9083114630965667402051622048020363      
   7851.42857142857142857142857142857075         98.6707730144658512472233269363641739      
   8219.17142857142857142857142857142799         99.4256910544253855732677038758993149      
   8598.22857142857142857142857142857170         100.173224034394664272440422791987658      
   8988.77142857142857142857142857142988         100.913525643839051326722255907952785      
   9390.97142857142857142857142857142893         101.646744975612378425466886255890131      
   9805.00000000000000000000000000000000         102.373026686714098332231515087187290      
   10231.0285714285714285714285714285726         103.092511154269629969348898157477379      
   10669.2285714285714285714285714285717         103.805334626617153048755426425486803      
   11119.7714285714285714285714285714299         104.511629369440896653031813912093639      
   11582.8285714285714285714285714285720         105.211523806940576264423725660890341      
   12058.5714285714285714285714285714292         105.905142658063482485886197537183762      
   12547.1714285714285714285714285714296         106.592607067856519620363542344421148      
   13048.8000000000000000000000000000009         107.274034734021228132405667565762997      
   13563.6285714285714285714285714285714         107.949540028768623756150191184133291      
   14091.8285714285714285714285714285720         108.619234116091064379361341707408428      
   14633.5714285714285714285714285714292         109.283225064572562246212328318506479      
   15189.0285714285714285714285714285711         109.941617955871379308518953621387482      
   15758.3714285714285714285714285714302         110.594514989011159400433825794607401      
   16341.7714285714285714285714285714283         111.242015580619550974006415344774723      
   16939.3999999999999999999999999999981         111.884216461256258412504394073039293      
   17551.4285714285714285714285714285692         112.521211767971522021980490535497665      
   18178.0285714285714285714285714285711         113.153093133235230993705044966191053      
   18819.3714285714285714285714285714302         113.779949770374926742988463956862688      
   19475.6285714285714285714285714285730         114.401868555657387105384259484708309      
   20146.9714285714285714285714285714289         115.018934107148950829468958545476198      
